330318 72.2      36.22            456
330401 74.2      37.22            456
330502 78.2      38.22            460
330527 79.2      39.22            461
330555 83.2      40.22            462
330569 88.2      45.22            463
330627 85.2      46.22            463
330657 89.2      48.22            464
330857 89.7      50.22            469
330950 93.4      52.22            480
331332 95.2      53.22            500
331333 99.2      54.22            516
331606 101.6     55.22            524
332295 102.2     57.22            526
333271 103.2     58.22            564
334762 105.2     60.22            584
