315068 0.133394  1.21230536201    0
315431 1.617947  8.60152578416    6
315576 2.526497  11.7996279287    8
315807 5.512457  19.4146172811    13
315992 6.171623  20.7426271566    15
316121 7.337819  22.4466778831    17
316809 14.446237 28.4832644343    30
317104 16.327763 29.7490443655    35
317200 16.735674 30.0012082462    36
317226 16.917532 30.1425959911    37
317304 17.526781 30.3240249142    38
317425 18.835591 30.9422697404    41
317441 19.3362   31.112148029     42
317514 20.134018 31.4520315551    43
317596 20.695221 31.7671218788    45
317672 22.782365 32.262784111     48
317722 23.133029 32.4674091228    49
317780 23.133029 32.4674091228    51
317899 23.133029 32.4674091228    52
317966 23.133029 32.4674091228    55
318748 23.196061 32.0919493636    64
319209 23.705376 29.7656654947    72
319510 24.978427 27.7419917443    80
319601 26.385841 28.1764546959    82
319962 27.095796 28.4525063442    88
320105 30.968742 29.6021111996    91
320219 30.968958 29.5533524191    93
320357 30.968958 29.5533524191    94
320574 30.969157 29.3527963478    99
320741 31.293855 29.2461379106    101
320864 33.028086 29.5698876404    104
321028 34.611047 29.8049920344    107
321192 37.35413 30.3618060636     112
321322 39.35287 30.6578054196     114
321417 40.448404 30.84877833      117
321569 41.957138 31.1127789107    120
322239 50.059062 32.6905648795    134
322409 52.046394 33.0810360389    137
322726 53.865877 33.3098273676    142
322831 53.865877 33.3098273676    147
323160 53.865877 33.3098273676 	  150
323562 55.446454 33.2559002759 	  156
323611 55.446454 33.2559002759 	  157
323734 56.356387 33.3726458222 	  159
324105 59.2608 33.8720242348 	  165
324586 61.265143 33.8406667035 	  174
324702 61.26533 33.8367204544 	  175
324920 63.307705 33.9084841235 	  179
325138 65.957128 34.1166381889 	  183
325450 66.410626 34.0762450292 	  189
326229 66.410635 34.0163233424 	  197
326435 66.410635 33.839814014	  200
326869 66.410635 32.084499229	  209
329996 69.2      35.22            449
330318 72.2      36.22            456
330401 74.2      37.22            456
330502 78.2      38.22            460
330527 79.2      39.22            461
330555 83.2      40.22            462
330569 88.2      45.22            463
330627 85.2      46.22            463
330657 89.2      48.22            464
330857 89.7      50.22            469
330950 93.4      52.22            480
331332 95.2      53.22            500
331333 99.2      54.22            516
331606 101.6     55.22            524
332295 102.2     57.22            526
333271 103.2     58.22            564
